# NodeSize Limit1MinTime Limit1MinCosts Limit5MinTime Limit5MinCosts Limit10MinTime Limit10MinCosts IterativeTime IterativeCosts
 2 60.21533203125 0.0 60.24449157714844 0.0 200.58628845214844 24.31296 180.8299102783203 24.31296 221.083251953125 24.31296 211.9330291748047 24.31296
 3 60.4232292175293 0.0 120.22296142578125 0.0 300.0370178222656 0.0 335.84063720703125 27.39744 600.4832763671875 27.972 322.5556640625 27.39744
 4 60.25918197631836 0.0 180.69830322265625 0.0 300.04901123046875 0.0 422.18511962890625 30.51216 600.5022583007812 38.00496 414.3428955078125 30.51216
 5 60.172157287597656 0.0 240.7027587890625 0.0 300.16497802734375 0.0 491.43695068359375 33.65712 601.3571166992188 38.183040000000005 440.2206726074219 33.65712
 6 60.33633804321289 0.0 301.25335693359375 0.0 300.191162109375 0.0 559.7445068359375 36.83232 600.124755859375 0.0 562.191162109375 36.83232
 7 60.019203186035156 0.0 360.93902587890625 0.0 300.27972412109375 0.0 696.6002807617188 40.03776 600.1512451171875 0.0 732.8928833007812 40.03776
 8 60.23207092285156 0.0 421.5716247558594 0.0 300.05023193359375 0.0 806.692138671875 43.27344 600.146484375 0.0 806.6273193359375 43.27344
 9 60.07657241821289 0.0 481.3520202636719 0.0 300.4062805175781 0.0 955.8468017578125 46.53936 600.1136474609375 0.0 947.7314453125 46.53936
 10 60.03239440917969 0.0 542.2820434570312 0.0 300.4549560546875 0.0 1084.8770751953125 49.83552 600.1272583007812 0.0 1076.6082763671875 49.83552
 11 60.39262390136719 0.0 602.255126953125 0.0 300.4331970214844 0.0 1198.7269287109375 53.16192 600.4225463867188 0.0 1173.9525146484375 53.16192
 12 60.09148025512695 0.0 662.26904296875 0.0 300.0909729003906 0.0 1298.0404052734375 56.51856 600.3407592773438 0.0 1288.9013671875 56.51856
 13 60.38872146606445 0.0 723.1356811523438 0.0 300.2088623046875 0.0 1402.0517578125 59.905440000000006 600.1041259765625 0.0 1400.245849609375 59.905440000000006
 14 60.35221481323242 0.0 783.7750854492188 0.0 300.2956237792969 0.0 1501.339111328125 63.32256 600.278564453125 0.0 1503.5389404296875 63.32256
 15 60.023014068603516 0.0 843.765625 0.0 300.23748779296875 0.0 1620.625 66.76992 600.3018798828125 0.0 1619.599609375 66.76992
