# NodeSize Limit1MinTime Limit1MinCosts Limit5MinTime Limit5MinCosts Limit10MinTime Limit10MinCosts IterativeTime IterativeCosts
 2 20.4512939453125 0.109 33.50663375854492 0.109 36.82819366455078 0.109 17.540210723876953 0.109 22.556468963623047 0.109 33.53374481201172 0.109
 3 41.013648986816406 0.11699999999999999 28.354413986206055 0.118 38.76868438720703 0.11699999999999999 46.40352249145508 0.118 41.21567916870117 0.11699999999999999 37.0344352722168 0.118
 4 60.01268768310547 0.1335 23.40580177307129 0.127 300.0482482910156 0.126 43.69040298461914 0.127 441.8433837890625 0.126 25.098928451538086 0.127
 5 60.04995346069336 0.1373 31.129009246826172 0.136 300.05230712890625 0.11929999999999999 47.01186752319336 0.136 600.1619262695312 0.11929999999999999 37.39187240600586 0.136
 6 60.014739990234375 3.974404 26.71715545654297 0.145 300.028564453125 3.546503 26.798572540283203 0.145 600.1266479492188 3.417803 26.780052185058594 0.145
 7 60.0035514831543 18.941228 34.87141036987305 0.161 300.0167541503906 5.4958 35.90278625488281 0.161 600.0863647460938 0.11249999999999999 46.34933853149414 0.161
 8 60.015445709228516 0.1215 39.05974197387695 0.1807 66.51850128173828 0.1215 41.23341369628906 0.1807 80.94247436523438 0.1215 41.28017807006836 0.1807
 9 60.01329803466797 4.413259 37.36076354980469 0.2031 300.0376281738281 2.5009 38.15587615966797 0.2031 600.0538940429688 1.2663 37.953792572021484 0.2031
 10 60.18738555908203 6.6653 39.477386474609375 0.225132 300.0457763671875 6.6653 39.88091278076172 0.225132 600.0062866210938 6.6268 42.84160614013672 0.225132
 11 60.136600494384766 22.372452 42.59107971191406 0.246332 300.0164489746094 20.379799 51.314979553222656 0.246332 600.12939453125 12.494273 49.465240478515625 0.246332
 12 60.00668716430664 12.934496 44.666805267333984 0.279935 300.1700744628906 6.958019999999999 49.31028747558594 0.279935 600.3541259765625 5.072303 43.5790901184082 0.279935
 13 60.00123596191406 10.212028 52.66236114501953 0.313538 300.01715087890625 6.35182 48.748748779296875 0.313538 600.5912475585938 6.325652 49.4678840637207 0.313538
 14 60.08620071411133 6.2404079999999995 57.260009765625 0.360538 300.0037536621094 4.387806 47.999210357666016 0.360538 600.4308471679688 4.387806 48.24387741088867 0.360538
 15 60.000823974609375 0.0 61.153690338134766 0.449538 300.00799560546875 7.993482 58.76195526123047 0.449538 600.0411376953125 7.412 58.10675048828125 0.449538
