# NodeSize Limit1MinTime Limit1MinCosts Limit5MinTime Limit5MinCosts Limit10MinTime Limit10MinCosts IterativeTime IterativeCosts
 2 0.05842405557632446 24.31296 0.021815091371536255 24.31296 0.037301793694496155 24.31296 0.01579291932284832 24.31296
 3 0.324249804019928 27.39744 0.26737841963768005 27.39744 0.3209207355976105 27.39744 0.015400298871099949 27.39744
 4 1.8070725202560425 30.51216 1.889762043952942 30.51216 1.8487646579742432 30.51216 0.018209371715784073 30.51216
 5 3.5104734897613525 33.65712 3.4887571334838867 33.65712 3.542153835296631 33.65712 0.022883089259266853 33.65712
 6 59.390071868896484 36.83232 58.70609664916992 36.83232 58.7801513671875 36.83232 0.02642333321273327 36.83232
 7 60.00092315673828 40.03776 123.07977294921875 40.03776 123.46684265136719 40.03776 0.029024651274085045 40.03776
 8 60.000144958496094 43.27344 300.0010070800781 43.27344 600.0005493164062 43.27344 0.034087713807821274 43.27344
 9 60.000240325927734 46.720800000000004 300.0004577636719 46.53936 600.000732421875 46.53936 0.03819720447063446 46.53936
 10 60.000545501708984 49.83552 300.00213623046875 50.016960000000005 600.0004272460938 49.83552 0.04122139886021614 49.83552
 11 60.00042724609375 53.25264000000001 300.000244140625 53.25264000000001 600.0003662109375 53.16192 0.043439313769340515 53.16192
 12 60.0010986328125 56.7 300.0005798339844 56.7 600.0007934570312 56.7 0.04634862765669823 56.51856
 13 60.000247955322266 60.35904000000001 300.0006103515625 60.26832 600.0010375976562 60.26832 0.050916239619255066 59.905440000000006
 14 60.00043869018555 72.84816000000001 300.0004577636719 63.504000000000005 600.0003051757812 63.504000000000005 0.05190163850784302 63.32256
 15 60.00059127807617 106.41456000000001 300.0007629394531 95.98176000000001 600.0001831054688 95.52816000000001 0.05161546170711517 66.76992
