# NodeSize Limit1MinTime Limit1MinCosts Limit5MinTime Limit5MinCosts Limit10MinTime Limit10MinCosts IterativeTime IterativeCosts  BestFitLimit1MinTime BestFitLimit1MinCosts BestFitLimit5MinTime BestFitLimit5MinCosts BestFitLimit10MinTime BestFitLimit10MinCosts
 2 55.47294273376465 24.31296 68.54712600708008 24.31296 78.77924880981445 24.31296 73.4550537109375 24.31296 60.08206062316894 0.0 205.3310806274414 24.31296 214.05643768310546 24.31296
 3 60.13711700439453 41.05877120000001 300.08457946777344 40.8724544 600.1493591308594 35.210336 86.76872253417969 27.39744 60.04613342285156 0.0 300.0299835205078 27.479088 600.0128845214844 27.39744
 4 60.24641799926758 54.412864 300.0380828857422 58.1061904 600.1193176269531 56.302232000000004 76.79455261230468 30.51216 60.06119041442871 0.0 300.00783081054686 30.802464000000004 600.0097351074219 30.693599999999996
 5 60.19261360168457 106.547008 300.3985534667969 70.666368 600.1412231445313 61.0641072 95.89828681945801 33.65712 60.06106300354004 0.0 300.0107177734375 34.11072 600.0124877929687 34.02
 6 60.167367172241214 103.89580800000002 300.3401580810547 132.86032 600.0840576171875 101.9984 85.5210350036621 36.83232 60.06608238220215 0.0 300.0067993164063 29.09664 600.0036560058594 29.09664
 7 60.44557571411133 137.77261600000003 300.5181518554688 123.38388800000003 600.3070739746094 88.330272 103.73821563720703 40.03776 60.07258224487305 0.0 300.00608215332034 32.40352 600.0039306640625 32.40352
 8 61.06082534790039 180.79820800000002 300.68100891113284 177.59688 600.683837890625 164.930816 85.05735244750977 43.27344 60.0909969329834 0.0 300.0082550048828 35.74064 600.0037719726563 35.74064
 9 60.20446128845215 281.8219488 300.45892944335935 179.56225600000002 600.0291931152344 179.56225600000002 137.6346923828125 46.53936 60.071174240112306 0.0 300.0097320556641 39.108000000000004 600.0061645507812 39.108000000000004
 10 60.394993209838866 215.66432 300.8331695556641 212.31161600000001 600.6317626953125 206.93964799999998 155.15689926147462 49.83552 60.094017028808594 0.0 300.00665283203125 42.5056 600.0050598144531 42.5056
 11 60.34308395385742 259.43831680000005 300.6528717041016 178.509344 600.0169372558594 198.06051200000002 149.72386474609374 53.161919999999995 60.0696403503418 0.0 300.0104553222656 45.933440000000004 600.0043884277344 45.933440000000004
 12 60.941230392456056 257.846192 300.75005493164065 254.866736 600.1216064453125 231.12197920000003 180.824560546875 56.51856 60.065314865112306 0.0 300.00685424804686 49.39152000000001 600.0040283203125 49.39152000000001
 13 60.03590354919434 329.75417600000003 300.64288024902345 213.68963200000002 600.5218139648438 216.84436800000003 190.0673400878906 59.90544000000001 60.04659309387207 0.0 300.00701904296875 52.87984 600.0075500488281 52.87984
 14 60.024017333984375 358.24262400000003 300.4817230224609 283.341264 600.0308410644532 281.9293328 230.84972229003907 63.322559999999996 60.07064208984375 0.0 300.0099578857422 56.39840000000002 600.0090209960938 56.39840000000002
 15 60.43003196716309 275.676416 300.0607543945313 310.30576 600.0301147460938 310.30576 277.40917053222654 66.76992 60.08606872558594 0.0 300.0088836669922 59.947199999999995 600.0077575683594 59.947199999999995
