# NodeSize Limit1MinTime Limit1MinCosts Limit5MinTime Limit5MinCosts Limit10MinTime Limit10MinCosts IterativeTime IterativeCosts BestFitLimit1MinTime BestFitLimit1MinCosts BestFitLimit5MinTime BestFitLimit5MinCosts BestFitLimit10MinTime BestFitLimit10MinCosts
 2 0.04854715541005135 24.31296 0.029701017215847968 24.31296 0.02914234548807144 24.31296 0.028369914554059506 24.31296 0.009922865405678749 24.31296 0.004629099182784558 24.31296 0.0038473742082715035 24.31296
 3 0.08778200671076775 27.39744 0.08611162602901459 27.39744 0.08716590180993081 27.39744 0.03107256591320038 27.39744 0.057274789363145825 27.39744 0.05448183454573154 27.39744 0.05256279781460762 27.39744
 4 0.25453626811504365 30.51216 0.22309306859970093 30.51216 0.24587026238441467 30.51216 0.03212108947336674 30.51216 0.8740912616252899 30.51216 0.8852235317230225 30.51216 0.8661166906356812 30.51216
 5 0.6939328014850616 33.657120000000006 0.7023180365562439 33.657120000000006 0.6949215471744538 33.657120000000006 0.03665493279695511 33.65712 14.36653003692627 33.65712 14.354052543640137 33.65712 14.339160060882568 33.65712
 6 4.5212770938873295 36.83232 4.4877111434936525 36.83232 4.493539714813233 36.83232 0.04028280004858971 36.83232 60.00006294250488 37.013760000000005 209.0776824951172 36.83232 209.42003784179687 36.83232
 7 46.15636291503906 40.037760000000006 46.707709884643556 40.037760000000006 46.0823112487793 40.037760000000006 0.041390252858400346 40.03776 60.00008773803711 40.309920000000005 300.0000915527344 40.2192 600.0000915527344 40.2192
 8 60.000153350830075 43.36416 300.00017700195315 43.27344 600.0001831054688 43.27344 0.04715620540082455 43.27344 60.0000545501709 43.72704 300.0000946044922 43.63632 600.0000793457032 43.63632
 9 60.00020294189453 46.850832000000004 300.0002014160156 46.723824 600.0001831054688 46.663344 0.05212613195180893 46.53936 60.000071334838864 47.174400000000006 300.0001159667969 47.08368 600.0001342773437 47.08368
 10 60.00018844604492 50.261904 300.00018310546875 50.13792 600.0002014160157 50.071392 0.05800686366856098 49.83552 60.00005531311035 50.652 300.0000701904297 50.561280000000004 600.0000915527344 50.470560000000006
 11 60.00020523071289 53.969328000000004 300.00017700195315 53.778816000000006 600.0002075195313 53.718336 0.06470999717712403 53.161919999999995 60.00006256103516 54.06912000000001 300.0000854492188 54.06912000000001 600.0000793457032 53.97840000000001
 12 60.000146484375 57.486239999999995 300.00018005371095 57.486239999999995 600.0001953125 57.486239999999995 0.06980792135000229 56.51856 60.000074768066405 57.60720000000001 300.0000701904297 57.60720000000001 600.0000732421875 57.425760000000004
 13 60.00026893615723 61.012224 300.0002014160156 61.012224 600.0002868652343 61.060608 0.07388362661004066 59.90544000000001 60.00006790161133 61.175520000000006 300.0000793457031 61.084799999999994 600.00009765625 60.99408000000001
 14 60.00021476745606 63.59472000000001 300.00017700195315 63.59472000000001 600.0002258300781 63.59472000000001 0.08033402338624 63.322559999999996 60.0000717163086 64.77408 300.0000793457031 64.59264 600.0000732421875 64.59264
 15 60.00051422119141 66.76992 300.000390625 66.76992 600.0002807617187 66.76992 0.08184741958975791 66.76992 60.00009765625 68.384736 300.0000793457031 68.22144 600.0001098632813 68.22144
