# NodeSize Limit1MinTime Limit1MinCosts Limit5MinTime Limit5MinCosts Limit10MinTime Limit10MinCosts IterativeTime IterativeCosts BestFitLimit1MinTime BestFitLimit1MinCosts BestFitLimit5MinTime BestFitLimit5MinCosts BestFitLimit10MinTime BestFitLimit10MinCosts
 2 5.095172023773193 0.11000000000000001 4.958037328720093 0.11000000000000001 4.845012569427491 0.11000000000000001 4.966584348678589 0.11000000000000001 1.0260432243347168 0.10900000000000001 1.0113688707351685 0.10900000000000001 1.0740685522556306 0.10900000000000001
 3 19.15573043823242 0.11640000000000002 19.619753646850587 0.11640000000000002 19.28626594543457 0.11640000000000002 5.673395776748658 0.119 1.1710103750228882 0.118 1.047498893737793 0.118 1.1232366561889648 0.118
 4 58.26081161499023 0.18308 65.2436408996582 0.1301 67.9511734008789 0.1301 7.0146910667419435 0.128 2.399295747280121 0.1288 2.2746602654457093 0.1288 2.3187941670417787 0.1288
 5 60.063452911376956 0.7569388 99.5197982788086 0.11929999999999999 109.57460021972656 0.11929999999999999 8.568042945861816 0.137 3.074795627593994 0.1189 3.0391117811203 0.1189 2.8950329780578614 0.1189
 6 60.05710639953613 1.1802000000000001 124.22449188232422 0.10129999999999999 130.1805679321289 0.10129999999999999 9.976946449279785 0.146 1.9029428124427796 0.1015 2.0938230395317077 0.1015 1.9395058631896973 0.1015
 7 60.08728790283203 2.1062614 294.1052581787109 0.2577355 314.2988250732422 0.10739999999999998 11.497959613800049 0.1657 2.992713975906372 0.10739999999999998 2.4445353984832763 0.10739999999999998 2.795695090293884 0.10739999999999998
 8 60.08297424316406 3.1598139000000005 300.06376953125 1.0948109000000001 477.24290466308594 0.12149999999999998 12.843887996673583 0.1817 4.703485465049743 0.12149999999999998 4.368804454803467 0.12149999999999998 4.183414936065674 0.12149999999999998
 9 60.07452621459961 3.5453206 300.0500213623047 1.9891632000000001 592.3978576660156 0.36406700000000003 14.7303466796875 0.2048 23.544846534729004 0.1412 23.51542434692383 0.1412 23.542924880981445 0.1412
 10 60.07803916931152 5.7738248 300.0686950683594 3.7362899999999994 600.042529296875 3.7362899999999994 17.86412582397461 0.22480000000000003 60.00456161499024 0.1636 151.35785064697265 0.1636 161.86553802490235 0.1636
 11 60.1327205657959 8.700277999999999 300.0537536621094 2.6576259 600.0330993652344 1.9283810000000003 20.106560516357423 0.2465 60.00573387145996 0.184 300.0053436279297 0.184 600.0072570800781 0.184
 12 60.115238952636716 7.654297 300.09404907226565 3.3385851000000004 600.0091247558594 3.001445 24.96292839050293 0.280103 60.01058120727539 0.0 300.00592346191405 0.21840299999999999 600.0070190429688 0.21840299999999999
 13 60.1572868347168 6.8364327000000005 300.03497314453125 4.486276 600.0385925292969 3.5252714 27.36553192138672 0.313706 60.011026763916014 0.0 300.00835876464845 0.258367 600.0062866210938 0.257306
 14 60.15585136413574 8.910319 300.08277587890626 3.794115 600.0124572753906 1.605669 29.468869400024413 0.36070599999999997 60.0054931640625 0.0 300.0070465087891 0.36446 600.0056091308594 0.3101375
 15 60.101068115234376 7.242679699999999 300.1184906005859 4.892601 600.0182250976562 4.890126 61.88136940002441 0.44970600000000005 60.00777969360352 0.0 300.0100036621094 0.0 600.0103149414062 0.0
