# NodeSize Limit1MinTime Limit1MinCosts Limit5MinTime Limit5MinCosts Limit10MinTime Limit10MinCosts IterativeTime IterativeCosts
 2 5.095172023773193 0.11000000000000001 4.958037328720093 0.11000000000000001 4.845012569427491 0.11000000000000001 4.966584348678589 0.11000000000000001
 3 19.15573043823242 0.11640000000000002 19.619753646850587 0.11640000000000002 19.28626594543457 0.11640000000000002 5.673395776748658 0.119
 4 58.26081161499023 0.18308 65.2436408996582 0.1301 67.9511734008789 0.1301 7.0146910667419435 0.128
 5 60.063452911376956 0.7569388 99.5197982788086 0.11929999999999999 109.57460021972656 0.11929999999999999 8.568042945861816 0.137
 6 60.05710639953613 1.1802000000000001 124.22449188232422 0.10129999999999999 130.1805679321289 0.10129999999999999 9.976946449279785 0.146
 7 60.08728790283203 2.1062614 294.1052581787109 0.2577355 314.2988250732422 0.10739999999999998 11.497959613800049 0.1657
 8 60.08297424316406 3.1598139000000005 300.06376953125 1.0948109000000001 477.24290466308594 0.12149999999999998 12.843887996673583 0.1817
 9 60.07452621459961 3.5453206 300.0500213623047 1.9891632000000001 592.3978576660156 0.36406700000000003 14.7303466796875 0.2048
 10 60.07803916931152 5.7738248 300.0686950683594 3.7362899999999994 600.042529296875 3.7362899999999994 17.86412582397461 0.22480000000000003
 11 60.1327205657959 8.700277999999999 300.0537536621094 2.6576259 600.0330993652344 1.9283810000000003 20.106560516357423 0.2465
 12 60.115238952636716 7.654297 300.09404907226565 3.3385851000000004 600.0091247558594 3.001445 24.96292839050293 0.280103
 13 60.1572868347168 6.8364327000000005 300.03497314453125 4.486276 600.0385925292969 3.5252714 27.36553192138672 0.313706
 14 60.15585136413574 8.910319 300.08277587890626 3.794115 600.0124572753906 1.605669 29.468869400024413 0.36070599999999997
 15 60.101068115234376 7.242679699999999 300.1184906005859 4.892601 600.0182250976562 4.890126 61.88136940002441 0.44970600000000005
