# NodeSize BestFitLimit1MinTime BestFitLimit1MinCosts BestFitLimit5MinTime BestFitLimit5MinCosts BestFitLimit10MinTime BestFitLimit10MinCosts
 2 60.08206062316894 0.0 205.3310806274414 24.31296 214.05643768310546 24.31296 
 3 60.04613342285156 0.0 300.0299835205078 27.479088 600.0128845214844 27.39744 
 4 60.06119041442871 0.0 300.00783081054686 30.802464000000004 600.0097351074219 30.693599999999996 
 5 60.06106300354004 0.0 300.0107177734375 34.11072 600.0124877929687 34.02 
 6 60.06608238220215 0.0 300.0067993164063 29.09664 600.0036560058594 29.09664 
 7 60.07258224487305 0.0 300.00608215332034 32.40352 600.0039306640625 32.40352 
 8 60.0909969329834 0.0 300.0082550048828 35.74064 600.0037719726563 35.74064 
 9 60.071174240112306 0.0 300.0097320556641 39.108000000000004 600.0061645507812 39.108000000000004 
 10 60.094017028808594 0.0 300.00665283203125 42.5056 600.0050598144531 42.5056 
 11 60.0696403503418 0.0 300.0104553222656 45.933440000000004 600.0043884277344 45.933440000000004 
 12 60.065314865112306 0.0 300.00685424804686 49.39152000000001 600.0040283203125 49.39152000000001 
 13 60.04659309387207 0.0 300.00701904296875 52.87984 600.0075500488281 52.87984 
 14 60.07064208984375 0.0 300.0099578857422 56.39840000000002 600.0090209960938 56.39840000000002 
 15 60.08606872558594 0.0 300.0088836669922 59.947199999999995 600.0077575683594 59.947199999999995 
