# NodeSize BestFitLimit1MinTime BestFitLimit1MinCosts BestFitLimit5MinTime BestFitLimit5MinCosts BestFitLimit10MinTime BestFitLimit10MinCosts
 2 1.0260432243347168 0.10900000000000001 1.0113688707351685 0.10900000000000001 1.0740685522556306 0.10900000000000001 
 3 1.1710103750228882 0.118 1.047498893737793 0.118 1.1232366561889648 0.118 
 4 2.399295747280121 0.1288 2.2746602654457093 0.1288 2.3187941670417787 0.1288 
 5 3.074795627593994 0.1189 3.0391117811203 0.1189 2.8950329780578614 0.1189 
 6 1.9029428124427796 0.1015 2.0938230395317077 0.1015 1.9395058631896973 0.1015 
 7 2.992713975906372 0.10739999999999998 2.4445353984832763 0.10739999999999998 2.795695090293884 0.10739999999999998 
 8 4.703485465049743 0.12149999999999998 4.368804454803467 0.12149999999999998 4.183414936065674 0.12149999999999998 
 9 23.544846534729004 0.1412 23.51542434692383 0.1412 23.542924880981445 0.1412 
 10 60.00456161499024 0.1636 151.35785064697265 0.1636 161.86553802490235 0.1636 
 11 60.00573387145996 0.184 300.0053436279297 0.184 600.0072570800781 0.184 
 12 60.01058120727539 0.0 300.00592346191405 0.21840299999999999 600.0070190429688 0.21840299999999999 
 13 60.011026763916014 0.0 300.00835876464845 0.258367 600.0062866210938 0.257306 
 14 60.0054931640625 0.0 300.0070465087891 0.36446 600.0056091308594 0.3101375 
 15 60.00777969360352 0.0 300.0100036621094 0.0 600.0103149414062 0.0 
