# NodeSize BestFitLimit1MinTime BestFitLimit1MinCosts BestFitLimit5MinTime BestFitLimit5MinCosts BestFitLimit10MinTime BestFitLimit10MinCosts
 2 0.009922865405678749 24.31296 0.004629099182784558 24.31296 0.0038473742082715035 24.31296 
 3 0.057274789363145825 27.39744 0.05448183454573154 27.39744 0.05256279781460762 27.39744 
 4 0.8740912616252899 30.51216 0.8852235317230225 30.51216 0.8661166906356812 30.51216 
 5 14.36653003692627 33.65712 14.354052543640137 33.65712 14.339160060882568 33.65712 
 6 60.00006294250488 37.013760000000005 209.0776824951172 36.83232 209.42003784179687 36.83232 
 7 60.00008773803711 40.309920000000005 300.0000915527344 40.2192 600.0000915527344 40.2192 
 8 60.0000545501709 43.72704 300.0000946044922 43.63632 600.0000793457032 43.63632 
 9 60.000071334838864 47.174400000000006 300.0001159667969 47.08368 600.0001342773437 47.08368 
 10 60.00005531311035 50.652 300.0000701904297 50.561280000000004 600.0000915527344 50.470560000000006 
 11 60.00006256103516 54.06912000000001 300.0000854492188 54.06912000000001 600.0000793457032 53.97840000000001 
 12 60.000074768066405 57.60720000000001 300.0000701904297 57.60720000000001 600.0000732421875 57.425760000000004 
 13 60.00006790161133 61.175520000000006 300.0000793457031 61.084799999999994 600.00009765625 60.99408000000001 
 14 60.0000717163086 64.77408 300.0000793457031 64.59264 600.0000732421875 64.59264 
 15 60.00009765625 68.384736 300.0000793457031 68.22144 600.0001098632813 68.22144 
